object={
	name="steppe_bush_01_generator_0"
	render_pass=Map
	clamp_to_water_level=no
	generated_content=yes
	layer="grass_layer"
	pdxmesh="steppe_bush_01_mesh"
	count=408
	transform="7125.675293 0.000000 3205.901855 0.000000 0.998487 0.000000 0.054993 0.490900 0.490900 0.490900
7114.332520 0.000000 3186.631104 0.000000 0.122783 0.000000 0.992434 0.265977 0.265977 0.265977
7115.592285 0.000000 3190.888916 0.000000 0.721212 0.000000 0.692714 0.375342 0.375342 0.375342
7132.259766 0.000000 3183.030518 0.000000 0.830119 0.000000 0.557587 0.381130 0.381130 0.381130
7120.838379 0.000000 3179.396484 0.000000 0.563181 0.000000 -0.826334 0.661466 0.661466 0.661466
7132.063477 0.000000 3175.352783 0.000000 0.078195 0.000000 0.996938 0.254074 0.254074 0.254074
7128.652832 0.000000 3185.439209 0.000000 0.613591 0.000000 -0.789624 0.690309 0.690309 0.690309
7131.418945 0.000000 3180.853271 0.000000 0.896719 0.000000 0.442599 0.411575 0.411575 0.411575
7117.920898 0.000000 3190.843262 0.000000 0.866279 0.000000 0.499561 0.409891 0.409891 0.409891
7130.382324 0.000000 3176.888916 0.000000 0.894489 0.000000 -0.447089 0.581002 0.581002 0.581002
7127.981445 0.000000 3180.247070 0.000000 0.728369 0.000000 -0.685185 0.642754 0.642754 0.642754
7130.438477 0.000000 3184.196777 0.000000 0.960788 0.000000 0.277284 0.440553 0.440553 0.440553
7132.541016 0.000000 3187.874512 0.000000 0.764378 0.000000 0.644768 0.346929 0.346929 0.346929
7122.223145 0.000000 3195.611328 0.000000 0.937180 0.000000 -0.348847 0.569168 0.569168 0.569168
7127.403809 0.000000 3183.953857 0.000000 0.667995 0.000000 -0.744166 0.665530 0.665530 0.665530
7119.533203 0.000000 3185.760742 0.000000 0.963811 0.000000 0.266586 0.452673 0.452673 0.452673
7118.296387 0.000000 3194.915527 0.000000 0.895866 0.000000 0.444324 0.418101 0.418101 0.418101
7133.306152 0.000000 3181.395264 0.000000 0.212912 0.000000 0.977071 0.239284 0.239284 0.239284
7119.926758 0.000000 3197.459473 0.000000 0.999579 0.000000 0.029010 0.494948 0.494948 0.494948
7121.557617 0.000000 3193.879639 0.000000 0.997766 0.000000 -0.066803 0.512643 0.512643 0.512643
7128.322754 0.000000 3189.707520 0.000000 0.665499 0.000000 0.746399 0.311195 0.311195 0.311195
7129.611328 0.000000 3180.964355 0.000000 0.791784 0.000000 0.610802 0.374098 0.374098 0.374098
7125.385254 0.000000 3179.446045 0.000000 0.964379 0.000000 -0.264525 0.547286 0.547286 0.547286
7129.376953 0.000000 3202.186279 0.000000 0.973183 0.000000 -0.230033 0.542302 0.542302 0.542302
7128.711426 0.000000 3198.784912 0.000000 0.702425 0.000000 -0.711758 0.657192 0.657192 0.657192
7132.695801 0.000000 3185.208740 0.000000 0.988094 0.000000 0.153849 0.467608 0.467608 0.467608
7119.726074 0.000000 3190.539307 0.000000 0.344521 0.000000 0.938779 0.278588 0.278588 0.278588
7127.503906 0.000000 3181.922852 0.000000 0.875587 0.000000 0.483060 0.404659 0.404659 0.404659
7130.634766 0.000000 3182.470947 0.000000 0.999625 0.000000 -0.027392 0.505540 0.505540 0.505540
7129.354980 0.000000 3187.045654 0.000000 0.897062 0.000000 0.441905 0.400297 0.400297 0.400297
7131.755859 0.000000 3204.033936 0.000000 0.388911 0.000000 -0.921275 0.708358 0.708358 0.708358
7132.825684 0.000000 3202.666016 0.000000 0.856374 0.000000 0.516356 0.397050 0.397050 0.397050
7122.469238 0.000000 3186.335205 0.000000 0.596365 0.000000 -0.802714 0.682619 0.682619 0.682619
7132.831055 0.000000 3191.977295 0.000000 0.990042 0.000000 0.140773 0.467118 0.467118 0.467118
7127.627441 0.000000 3195.621094 0.000000 0.812241 0.000000 0.583322 0.369779 0.369779 0.369779
7119.047852 0.000000 3187.400146 0.000000 0.151709 0.000000 0.988425 0.245908 0.245908 0.245908
7122.325684 0.000000 3183.555664 0.000000 0.714054 0.000000 0.700091 0.355758 0.355758 0.355758
7126.149414 0.000000 3182.934570 0.000000 0.378447 0.000000 0.925623 0.266743 0.266743 0.266743
7125.230957 0.000000 3193.602295 0.000000 0.791607 0.000000 -0.611030 0.635804 0.635804 0.635804
7131.429688 0.000000 3179.232178 0.000000 0.574039 0.000000 -0.818828 0.676639 0.676639 0.676639
7121.108887 0.000000 3191.689697 0.000000 0.541091 0.000000 0.840964 0.309817 0.309817 0.309817
7133.121094 0.000000 3193.935059 0.000000 0.106609 0.000000 0.994301 0.162835 0.162835 0.162835
7130.854980 0.000000 3194.461670 0.000000 0.971294 0.000000 -0.237884 0.552468 0.552468 0.552468
7127.595703 0.000000 3193.065430 0.000000 0.938392 0.000000 0.345573 0.424242 0.424242 0.424242
7124.042480 0.000000 3191.745361 0.000000 0.025675 0.000000 -0.999670 0.822098 0.822098 0.822098
7122.718262 0.000000 3190.793213 0.000000 0.945611 0.000000 0.325298 0.434033 0.434033 0.434033
7127.047852 0.000000 3185.407471 0.000000 0.609845 0.000000 -0.792520 0.687302 0.687302 0.687302
7124.981445 0.000000 3197.942627 0.000000 0.143506 0.000000 0.989649 0.219488 0.219488 0.219488
7131.406250 0.000000 3189.008057 0.000000 0.990275 0.000000 -0.139126 0.531972 0.531972 0.531972
7123.301758 0.000000 3197.838135 0.000000 0.157037 0.000000 0.987593 0.232762 0.232762 0.232762
7129.952637 0.000000 3197.048828 0.000000 0.218281 0.000000 -0.975886 0.779049 0.779049 0.779049
7130.243164 0.000000 3190.162598 0.000000 0.993862 0.000000 0.110627 0.474124 0.474124 0.474124
7124.679688 0.000000 3185.712891 0.000000 0.869423 0.000000 0.494069 0.397112 0.397112 0.397112
7124.708984 0.000000 3195.332764 0.000000 0.942683 0.000000 0.333689 0.431202 0.431202 0.431202
7123.927246 0.000000 3188.670898 0.000000 0.840256 0.000000 0.542189 0.386265 0.386265 0.386265
7120.170898 0.000000 3193.672119 0.000000 0.608653 0.000000 -0.793436 0.673310 0.673310 0.673310
7131.159668 0.000000 3187.552246 0.000000 0.851207 0.000000 0.524831 0.378269 0.378269 0.378269
7132.644531 0.000000 3180.084717 0.000000 0.602401 0.000000 -0.798194 0.677680 0.677680 0.677680
7127.249512 0.000000 3199.154053 0.000000 0.795584 0.000000 -0.605843 0.626329 0.626329 0.626329
7128.222656 0.000000 3194.348633 0.000000 0.098162 0.000000 -0.995170 0.816145 0.816145 0.816145
7131.849609 0.000000 3198.843994 0.000000 0.558622 0.000000 0.829423 0.302214 0.302214 0.302214
7127.901855 0.000000 3186.583740 0.000000 0.715881 0.000000 -0.698222 0.663534 0.663534 0.663534
7129.114258 0.000000 3184.140869 0.000000 0.957602 0.000000 0.288094 0.438898 0.438898 0.438898
7129.080078 0.000000 3190.800781 0.000000 0.294335 0.000000 -0.955702 0.788195 0.788195 0.788195
7129.980469 0.000000 3185.462158 0.000000 0.755109 0.000000 0.655599 0.350509 0.350509 0.350509
7121.207031 0.000000 3188.354492 0.000000 0.062603 0.000000 0.998039 0.213847 0.213847 0.213847
7126.652832 0.000000 3191.392822 0.000000 0.164619 0.000000 -0.986357 0.806135 0.806135 0.806135
7132.097656 0.000000 3194.819336 0.000000 0.885866 0.000000 0.463942 0.392504 0.392504 0.392504
7127.163086 0.000000 3196.858398 0.000000 0.378307 0.000000 0.925680 0.260808 0.260808 0.260808
7132.096680 0.000000 3201.503662 0.000000 0.489635 0.000000 0.871927 0.290451 0.290451 0.290451
7131.759766 0.000000 3184.268311 0.000000 0.648223 0.000000 -0.761451 0.683135 0.683135 0.683135
7125.244629 0.000000 3190.712891 0.000000 0.822951 0.000000 0.568112 0.374045 0.374045 0.374045
7129.628418 0.000000 3199.678955 0.000000 0.066566 0.000000 0.997782 0.201457 0.201457 0.201457
7131.403809 0.000000 3191.911621 0.000000 0.998879 0.000000 -0.047326 0.511051 0.511051 0.511051
7130.375000 0.000000 3192.912354 0.000000 0.870170 0.000000 0.492751 0.383586 0.383586 0.383586
7126.358398 0.000000 3192.987061 0.000000 0.142953 0.000000 -0.989730 0.806457 0.806457 0.806457
7123.612305 0.000000 3192.973633 0.000000 0.962046 0.000000 -0.272886 0.554684 0.554684 0.554684
7126.516602 0.000000 3188.732910 0.000000 0.418370 0.000000 -0.908277 0.746711 0.746711 0.746711
7128.680176 0.000000 3188.509521 0.000000 0.996773 0.000000 -0.080266 0.518004 0.518004 0.518004
7127.655273 0.000000 3198.008057 0.000000 0.824004 0.000000 0.566584 0.383079 0.383079 0.383079
7123.466309 0.000000 3195.502686 0.000000 0.675465 0.000000 -0.737392 0.660954 0.660954 0.660954
7132.394531 0.000000 3186.403076 0.000000 0.311162 0.000000 -0.950357 0.774017 0.774017 0.774017
7132.306152 0.000000 3196.282227 0.000000 0.959960 0.000000 -0.280136 0.560962 0.560962 0.560962
7122.965332 0.000000 3189.604980 0.000000 0.545345 0.000000 0.838212 0.302716 0.302716 0.302716
7131.186523 0.000000 3197.336670 0.000000 0.836394 0.000000 0.548129 0.377618 0.377618 0.377618
7131.113281 0.000000 3199.748047 0.000000 0.973684 0.000000 -0.227904 0.546495 0.546495 0.546495
7126.198730 0.000000 3187.617676 0.000000 0.253755 0.000000 0.967269 0.221931 0.221931 0.221931
7132.935059 0.000000 3184.094482 0.000000 0.091656 0.000000 0.995791 0.189836 0.189836 0.189836
7127.519531 0.000000 3190.500977 0.000000 0.905353 0.000000 -0.424660 0.595535 0.595535 0.595535
7125.189941 0.000000 3189.586914 0.000000 0.019733 0.000000 0.999805 0.178599 0.178599 0.178599
7128.981934 0.000000 3192.067627 0.000000 0.894974 0.000000 0.446118 0.397253 0.397253 0.397253
7132.946777 0.000000 3189.455078 0.000000 0.939420 0.000000 0.342767 0.420953 0.420953 0.420953
7128.756836 0.000000 3195.909912 0.000000 0.500009 0.000000 0.866020 0.275166 0.275166 0.275166
7125.050293 0.000000 3187.378906 0.000000 0.269507 0.000000 -0.962999 0.764895 0.764895 0.764895
7129.874512 0.000000 3193.922119 0.000000 0.312653 0.000000 -0.949867 0.778366 0.778366 0.778366
7131.055664 0.000000 3185.053955 0.000000 0.971489 0.000000 -0.237086 0.550645 0.550645 0.550645
7130.018066 0.000000 3195.996826 0.000000 0.295182 0.000000 0.955441 0.222320 0.222320 0.222320
7131.056152 0.000000 3190.909668 0.000000 0.005316 0.000000 -0.999986 0.865426 0.865426 0.865426
7129.438477 0.000000 3197.970459 0.000000 0.187060 0.000000 -0.982348 0.785636 0.785636 0.785636
7124.632812 0.000000 3192.692627 0.000000 0.788187 0.000000 -0.615436 0.636956 0.636956 0.636956
7132.834473 0.000000 3198.517334 0.000000 0.104583 0.000000 0.994516 0.197135 0.197135 0.197135
7127.525879 0.000000 3189.022949 0.000000 0.992802 0.000000 0.119764 0.474000 0.474000 0.474000
7129.383789 0.000000 3189.568848 0.000000 0.298515 0.000000 0.954405 0.215961 0.215961 0.215961
7130.259277 0.000000 3186.562256 0.000000 0.983976 0.000000 -0.178301 0.539495 0.539495 0.539495
7128.470215 0.000000 3187.496826 0.000000 0.820029 0.000000 0.572321 0.367273 0.367273 0.367273
7132.695801 0.000000 3193.004883 0.000000 0.998508 0.000000 0.054607 0.487417 0.487417 0.487417
7132.821289 0.000000 3190.923828 0.000000 0.064553 0.000000 -0.997914 0.850648 0.850648 0.850648
7130.102051 0.000000 3187.674072 0.000000 0.712637 0.000000 -0.701533 0.671309 0.671309 0.671309
7131.153809 0.000000 3189.911377 0.000000 0.267788 0.000000 -0.963478 0.797707 0.797707 0.797707
7132.183594 0.000000 3193.906738 0.000000 0.672258 0.000000 -0.740317 0.691970 0.691970 0.691970
7132.321289 0.000000 3188.828369 0.000000 0.914452 0.000000 -0.404695 0.594136 0.594136 0.594136
7130.502441 0.000000 3189.339355 0.000000 0.989210 0.000000 -0.146507 0.533680 0.533680 0.533680
7130.811035 0.000000 3188.358643 0.000000 0.531456 0.000000 0.847086 0.268542 0.268542 0.268542
7132.019043 0.000000 3191.291992 0.000000 0.007191 0.000000 0.999974 0.135988 0.135988 0.135988
7146.173828 0.000000 3169.718018 0.000000 0.988796 0.000000 0.149276 0.475592 0.475592 0.475592
7162.367676 0.000000 3190.798096 0.000000 0.123583 0.000000 -0.992334 0.732990 0.732990 0.732990
7163.488281 0.000000 3182.243896 0.000000 0.194045 0.000000 0.980993 0.275071 0.275071 0.275071
7153.768066 0.000000 3170.106201 0.000000 0.969148 0.000000 -0.246481 0.541347 0.541347 0.541347
7140.012695 0.000000 3173.233154 0.000000 0.595564 0.000000 0.803308 0.337563 0.337563 0.337563
7158.940430 0.000000 3181.059326 0.000000 0.129020 0.000000 0.991642 0.241803 0.241803 0.241803
7160.730469 0.000000 3186.161621 0.000000 0.319792 0.000000 0.947488 0.284707 0.284707 0.284707
7158.348633 0.000000 3198.629883 0.000000 0.696552 0.000000 -0.717507 0.629856 0.629856 0.629856
7137.730469 0.000000 3177.020752 0.000000 0.940159 0.000000 0.340737 0.438368 0.438368 0.438368
7155.229004 0.000000 3173.717285 0.000000 0.157008 0.000000 -0.987597 0.740783 0.740783 0.740783
7161.732910 0.000000 3178.727051 0.000000 0.543904 0.000000 0.839147 0.333448 0.333448 0.333448
7148.278320 0.000000 3172.746582 0.000000 0.640085 0.000000 -0.768304 0.658043 0.658043 0.658043
7158.518555 0.000000 3175.452881 0.000000 0.158009 0.000000 0.987438 0.267322 0.267322 0.267322
7150.952148 0.000000 3171.408936 0.000000 0.310435 0.000000 -0.950595 0.712297 0.712297 0.712297
7160.838379 0.000000 3183.092041 0.000000 0.245591 0.000000 -0.969374 0.727845 0.727845 0.727845
7158.436523 0.000000 3178.329102 0.000000 0.640762 0.000000 0.767740 0.346487 0.346487 0.346487
7137.355957 0.000000 3174.376709 0.000000 0.996434 0.000000 -0.084372 0.514446 0.514446 0.514446
7133.367188 0.000000 3183.456055 0.000000 0.974289 0.000000 -0.225302 0.545672 0.545672 0.545672
7140.157227 0.000000 3175.942139 0.000000 0.815156 0.000000 0.579242 0.387408 0.387408 0.387408
7158.808105 0.000000 3184.569580 0.000000 0.999879 0.000000 -0.015566 0.502847 0.502847 0.502847
7156.557617 0.000000 3179.961914 0.000000 0.815522 0.000000 -0.578726 0.613248 0.613248 0.613248
7153.081055 0.000000 3172.446289 0.000000 0.989112 0.000000 -0.147165 0.525720 0.525720 0.525720
7140.028320 0.000000 3208.553955 0.000000 0.633206 0.000000 -0.773983 0.650813 0.650813 0.650813
7144.111328 0.000000 3171.142334 0.000000 0.935997 0.000000 0.352008 0.438484 0.438484 0.438484
7139.082520 0.000000 3188.734619 0.000000 0.483364 0.000000 0.875420 0.271061 0.271061 0.271061
7148.687012 0.000000 3170.204102 0.000000 0.593590 0.000000 0.804768 0.340054 0.340054 0.340054
7153.491699 0.000000 3175.107422 0.000000 0.286047 0.000000 0.958216 0.265796 0.265796 0.265796
7161.468262 0.000000 3180.919434 0.000000 0.744702 0.000000 0.667397 0.375495 0.375495 0.375495
7148.395508 0.000000 3174.905273 0.000000 0.998420 0.000000 -0.056186 0.510631 0.510631 0.510631
7156.349609 0.000000 3175.623535 0.000000 0.039863 0.000000 0.999205 0.237236 0.237236 0.237236
7146.255859 0.000000 3171.909424 0.000000 0.913695 0.000000 -0.406401 0.571832 0.571832 0.571832
7133.482422 0.000000 3179.229248 0.000000 0.984889 0.000000 -0.173187 0.531940 0.531940 0.531940
7135.833496 0.000000 3176.212891 0.000000 0.992707 0.000000 -0.120549 0.520817 0.520817 0.520817
7141.267090 0.000000 3188.144531 0.000000 0.999599 0.000000 -0.028323 0.506206 0.506206 0.506206
7146.339355 0.000000 3174.461914 0.000000 0.508912 0.000000 -0.860819 0.696734 0.696734 0.696734
7143.056641 0.000000 3189.101807 0.000000 0.831384 0.000000 0.555699 0.367245 0.367245 0.367245
7135.649902 0.000000 3207.167725 0.000000 0.457438 0.000000 0.889241 0.307836 0.307836 0.307836
7139.375000 0.000000 3191.376953 0.000000 0.684749 0.000000 -0.728779 0.681938 0.681938 0.681938
7139.293457 0.000000 3206.804199 0.000000 0.609977 0.000000 0.792419 0.335570 0.335570 0.335570
7159.869629 0.000000 3179.475342 0.000000 0.656921 0.000000 0.753959 0.350211 0.350211 0.350211
7143.668945 0.000000 3206.327393 0.000000 0.342845 0.000000 -0.939392 0.717926 0.717926 0.717926
7150.075684 0.000000 3173.018311 0.000000 0.090081 0.000000 0.995934 0.236634 0.236634 0.236634
7141.951660 0.000000 3204.169922 0.000000 0.864347 0.000000 0.502896 0.400676 0.400676 0.400676
7134.161133 0.000000 3203.956543 0.000000 0.809984 0.000000 -0.586452 0.620859 0.620859 0.620859
7133.900879 0.000000 3205.993652 0.000000 0.191537 0.000000 0.981485 0.250570 0.250570 0.250570
7135.026855 0.000000 3187.714111 0.000000 0.449161 0.000000 -0.893451 0.736551 0.736551 0.736551
7138.306152 0.000000 3187.104492 0.000000 0.887641 0.000000 -0.460536 0.598575 0.598575 0.598575
7136.031738 0.000000 3189.758789 0.000000 0.994831 0.000000 -0.101541 0.522156 0.522156 0.522156
7136.785156 0.000000 3201.460693 0.000000 0.707727 0.000000 -0.706486 0.660115 0.660115 0.660115
7134.740723 0.000000 3184.597412 0.000000 0.253849 0.000000 0.967244 0.229333 0.229333 0.229333
7155.123535 0.000000 3183.070068 0.000000 0.582976 0.000000 -0.812489 0.688828 0.688828 0.688828
7158.556641 0.000000 3182.766602 0.000000 0.453493 0.000000 0.891260 0.300193 0.300193 0.300193
7157.477539 0.000000 3176.908447 0.000000 0.188455 0.000000 -0.982082 0.745688 0.745688 0.745688
7151.181641 0.000000 3176.150391 0.000000 0.775496 0.000000 0.631353 0.366941 0.366941 0.366941
7153.112305 0.000000 3182.492676 0.000000 0.427709 0.000000 -0.903917 0.734615 0.734615 0.734615
7133.399902 0.000000 3181.813477 0.000000 0.350204 0.000000 -0.936673 0.733181 0.733181 0.733181
7158.456055 0.000000 3188.601807 0.000000 0.816545 0.000000 0.577281 0.388998 0.388998 0.388998
7149.380859 0.000000 3203.568848 0.000000 0.112751 0.000000 -0.993623 0.766592 0.766592 0.766592
7154.794922 0.000000 3176.081787 0.000000 0.985673 0.000000 0.168669 0.468690 0.468690 0.468690
7146.343750 0.000000 3202.041504 0.000000 0.790428 0.000000 0.612556 0.376142 0.376142 0.376142
7144.044434 0.000000 3200.065430 0.000000 0.742773 0.000000 0.669544 0.353026 0.353026 0.353026
7159.750488 0.000000 3187.465332 0.000000 0.025549 0.000000 -0.999674 0.781618 0.781618 0.781618
7135.494141 0.000000 3195.543701 0.000000 0.827715 0.000000 -0.561149 0.634608 0.634608 0.634608
7148.918945 0.000000 3193.937256 0.000000 0.508223 0.000000 0.861225 0.277208 0.277208 0.277208
7152.695801 0.000000 3187.797852 0.000000 0.471455 0.000000 -0.881890 0.725783 0.725783 0.725783
7142.508789 0.000000 3178.305908 0.000000 0.545745 0.000000 0.837951 0.298470 0.298470 0.298470
7149.911621 0.000000 3175.261963 0.000000 0.969471 0.000000 0.245207 0.453150 0.453150 0.453150
7139.798828 0.000000 3197.357178 0.000000 0.991555 0.000000 -0.129686 0.529140 0.529140 0.529140
7144.208984 0.000000 3194.978516 0.000000 0.300349 0.000000 0.953829 0.217972 0.217972 0.217972
7153.356934 0.000000 3192.053955 0.000000 0.877578 0.000000 -0.479434 0.599864 0.599864 0.599864
7140.707520 0.000000 3201.021729 0.000000 0.799965 0.000000 0.600047 0.367047 0.367047 0.367047
7147.331055 0.000000 3194.407227 0.000000 0.769322 0.000000 -0.638861 0.649225 0.649225 0.649225
7137.117188 0.000000 3204.156006 0.000000 0.101532 0.000000 0.994832 0.224926 0.224926 0.224926
7150.966797 0.000000 3177.664551 0.000000 0.966338 0.000000 0.257275 0.449331 0.449331 0.449331
7152.273926 0.000000 3178.611084 0.000000 0.963504 0.000000 0.267696 0.446382 0.446382 0.446382
7150.886230 0.000000 3180.932861 0.000000 0.113275 0.000000 0.993564 0.193485 0.193485 0.193485
7148.008301 0.000000 3197.100342 0.000000 0.925977 0.000000 -0.377580 0.578538 0.578538 0.578538
7133.561035 0.000000 3197.741455 0.000000 0.588566 0.000000 -0.808449 0.702146 0.702146 0.702146
7135.191895 0.000000 3198.674316 0.000000 0.383534 0.000000 0.923527 0.253134 0.253134 0.253134
7155.422852 0.000000 3197.084229 0.000000 0.581954 0.000000 -0.813222 0.672482 0.672482 0.672482
7149.616699 0.000000 3178.463135 0.000000 0.895871 0.000000 -0.444314 0.595115 0.595115 0.595115
7144.767578 0.000000 3193.459717 0.000000 0.996150 0.000000 0.087668 0.480003 0.480003 0.480003
7156.905273 0.000000 3178.502441 0.000000 0.863000 0.000000 -0.505205 0.597183 0.597183 0.597183
7153.074219 0.000000 3185.535400 0.000000 0.955325 0.000000 0.295558 0.437079 0.437079 0.437079
7156.726074 0.000000 3186.379395 0.000000 0.887176 0.000000 0.461432 0.408401 0.408401 0.408401
7136.222656 0.000000 3186.716309 0.000000 0.624020 0.000000 -0.781408 0.688093 0.688093 0.688093
7135.930664 0.000000 3180.023193 0.000000 0.814023 0.000000 -0.580833 0.617590 0.617590 0.617590
7155.875977 0.000000 3195.325439 0.000000 0.172138 0.000000 0.985073 0.239147 0.239147 0.239147
7141.578613 0.000000 3175.350342 0.000000 0.986087 0.000000 -0.166231 0.530437 0.530437 0.530437
7142.208008 0.000000 3205.681641 0.000000 0.516589 0.000000 -0.856234 0.692472 0.692472 0.692472
7157.497070 0.000000 3183.851562 0.000000 0.999160 0.000000 -0.040975 0.507802 0.507802 0.507802
7148.303223 0.000000 3177.612305 0.000000 0.351892 0.000000 0.936041 0.260361 0.260361 0.260361
7144.666016 0.000000 3179.612793 0.000000 0.973463 0.000000 0.228842 0.452301 0.452301 0.452301
7157.481445 0.000000 3181.131592 0.000000 0.209247 0.000000 -0.977863 0.755495 0.755495 0.755495
7154.109375 0.000000 3177.431641 0.000000 0.337052 0.000000 -0.941486 0.726684 0.726684 0.726684
7147.431641 0.000000 3189.221680 0.000000 0.999926 0.000000 0.012168 0.497198 0.497198 0.497198
7140.136230 0.000000 3193.796631 0.000000 0.233930 0.000000 0.972253 0.190949 0.190949 0.190949
7146.384277 0.000000 3193.227783 0.000000 0.040391 0.000000 -0.999184 0.839087 0.839087 0.839087
7155.062012 0.000000 3179.999023 0.000000 0.567965 0.000000 -0.823053 0.684035 0.684035 0.684035
7150.509766 0.000000 3190.067139 0.000000 0.059152 0.000000 0.998249 0.180170 0.180170 0.180170
7142.280762 0.000000 3184.230225 0.000000 0.999069 0.000000 0.043139 0.490574 0.490574 0.490574
7151.396973 0.000000 3194.227539 0.000000 0.670000 0.000000 -0.742361 0.669175 0.669175 0.669175
7142.139648 0.000000 3199.192871 0.000000 0.734822 0.000000 -0.678260 0.658177 0.658177 0.658177
7144.574219 0.000000 3202.953613 0.000000 0.985597 0.000000 0.169112 0.467334 0.467334 0.467334
7150.706055 0.000000 3197.236328 0.000000 0.577002 0.000000 0.816743 0.312694 0.312694 0.312694
7137.869629 0.000000 3192.219727 0.000000 0.987960 0.000000 0.154711 0.463741 0.463741 0.463741
7136.780762 0.000000 3196.344238 0.000000 0.988897 0.000000 0.148604 0.466951 0.466951 0.466951
7148.399902 0.000000 3201.065430 0.000000 0.737454 0.000000 -0.675397 0.641154 0.641154 0.641154
7142.454102 0.000000 3192.500244 0.000000 0.225681 0.000000 -0.974201 0.814367 0.814367 0.814367
7139.272949 0.000000 3183.976318 0.000000 0.730825 0.000000 -0.682565 0.649108 0.649108 0.649108
7152.370605 0.000000 3189.529053 0.000000 0.194479 0.000000 -0.980907 0.784075 0.784075 0.784075
7149.551270 0.000000 3196.427734 0.000000 0.859317 0.000000 -0.511444 0.608900 0.608900 0.608900
7151.760254 0.000000 3192.550537 0.000000 0.494688 0.000000 0.869071 0.281738 0.281738 0.281738
7137.662109 0.000000 3189.232178 0.000000 0.612866 0.000000 -0.790187 0.698462 0.698462 0.698462
7133.376953 0.000000 3190.251709 0.000000 0.203455 0.000000 -0.979084 0.817988 0.817988 0.817988
7150.541992 0.000000 3191.787109 0.000000 0.999847 0.000000 -0.017492 0.503701 0.503701 0.503701
7148.193848 0.000000 3180.548584 0.000000 0.829751 0.000000 0.558133 0.372497 0.372497 0.372497
7148.817383 0.000000 3199.466797 0.000000 0.999969 0.000000 0.007828 0.498456 0.498456 0.498456
7149.511719 0.000000 3179.862061 0.000000 0.109396 0.000000 -0.993998 0.801864 0.801864 0.801864
7149.151855 0.000000 3192.332764 0.000000 0.432368 0.000000 -0.901697 0.741257 0.741257 0.741257
7133.509277 0.000000 3200.710449 0.000000 0.065901 0.000000 0.997826 0.202264 0.202264 0.202264
7138.870117 0.000000 3190.091064 0.000000 0.992067 0.000000 0.125713 0.471915 0.471915 0.471915
7147.026855 0.000000 3195.805176 0.000000 0.877386 0.000000 -0.479785 0.607752 0.607752 0.607752
7134.813965 0.000000 3189.103271 0.000000 0.107791 0.000000 0.994174 0.175890 0.175890 0.175890
7139.886230 0.000000 3202.357666 0.000000 0.046718 0.000000 0.998908 0.199413 0.199413 0.199413
7145.530762 0.000000 3176.819580 0.000000 0.433091 0.000000 -0.901350 0.722163 0.722163 0.722163
7136.952637 0.000000 3183.945557 0.000000 0.037576 0.000000 0.999294 0.203350 0.203350 0.203350
7154.918945 0.000000 3184.676514 0.000000 0.922059 0.000000 0.387051 0.420128 0.420128 0.420128
7145.393555 0.000000 3196.009277 0.000000 0.669683 0.000000 -0.742647 0.680754 0.680754 0.680754
7141.690430 0.000000 3191.352539 0.000000 0.135115 0.000000 -0.990830 0.822489 0.822489 0.822489
7144.510254 0.000000 3190.972900 0.000000 0.735172 0.000000 0.677881 0.326590 0.326590 0.326590
7155.979004 0.000000 3181.247070 0.000000 0.725436 0.000000 -0.688290 0.648773 0.648773 0.648773
7156.224609 0.000000 3190.953857 0.000000 0.189806 0.000000 -0.981822 0.757500 0.757500 0.757500
7136.044434 0.000000 3191.171387 0.000000 0.546505 0.000000 -0.837456 0.724268 0.724268 0.724268
7143.952637 0.000000 3192.361328 0.000000 0.835104 0.000000 0.550092 0.363671 0.363671 0.363671
7145.446777 0.000000 3200.334717 0.000000 0.693620 0.000000 -0.720341 0.661139 0.661139 0.661139
7153.736816 0.000000 3194.641602 0.000000 0.990574 0.000000 0.136981 0.473241 0.473241 0.473241
7157.679688 0.000000 3185.326660 0.000000 0.486109 0.000000 -0.873898 0.703713 0.703713 0.703713
7137.222168 0.000000 3193.428223 0.000000 0.647683 0.000000 -0.761910 0.702208 0.702208 0.702208
7157.162598 0.000000 3187.983643 0.000000 0.248876 0.000000 -0.968535 0.751963 0.751963 0.751963
7148.046875 0.000000 3191.490479 0.000000 0.038967 0.000000 0.999241 0.163465 0.163465 0.163465
7150.783691 0.000000 3185.574219 0.000000 0.901871 0.000000 0.432006 0.402137 0.402137 0.402137
7140.237305 0.000000 3185.099365 0.000000 0.469243 0.000000 0.883069 0.273693 0.273693 0.273693
7155.645508 0.000000 3192.848877 0.000000 0.982900 0.000000 -0.184140 0.535370 0.535370 0.535370
7134.433594 0.000000 3182.665039 0.000000 0.998501 0.000000 0.054740 0.489164 0.489164 0.489164
7143.973145 0.000000 3176.876465 0.000000 0.997927 0.000000 -0.064351 0.512540 0.512540 0.512540
7148.344238 0.000000 3176.269287 0.000000 0.989902 0.000000 0.141756 0.471859 0.471859 0.471859
7146.734375 0.000000 3191.942139 0.000000 0.608470 0.000000 0.793577 0.292319 0.292319 0.292319
7147.081055 0.000000 3179.727539 0.000000 0.573480 0.000000 -0.819220 0.700134 0.700134 0.700134
7142.862793 0.000000 3194.941650 0.000000 0.202750 0.000000 0.979231 0.189521 0.189521 0.189521
7135.172852 0.000000 3185.883789 0.000000 0.665584 0.000000 -0.746323 0.673530 0.673530 0.673530
7135.842773 0.000000 3193.903564 0.000000 0.368562 0.000000 -0.929603 0.778557 0.778557 0.778557
7135.545898 0.000000 3201.877441 0.000000 0.773053 0.000000 -0.634342 0.638099 0.638099 0.638099
7149.404785 0.000000 3182.610352 0.000000 0.921842 0.000000 -0.387566 0.588927 0.588927 0.588927
7150.136719 0.000000 3194.512451 0.000000 0.427154 0.000000 -0.904179 0.728399 0.728399 0.728399
7139.980957 0.000000 3187.749512 0.000000 0.999968 0.000000 0.008016 0.498349 0.498349 0.498349
7145.386230 0.000000 3185.048828 0.000000 0.825835 0.000000 -0.563912 0.636111 0.636111 0.636111
7154.291504 0.000000 3192.986572 0.000000 0.596558 0.000000 -0.802570 0.677921 0.677921 0.677921
7137.491211 0.000000 3186.099365 0.000000 0.447462 0.000000 -0.894303 0.732122 0.732122 0.732122
7133.746094 0.000000 3180.556152 0.000000 0.834967 0.000000 0.550301 0.387980 0.387980 0.387980
7134.837891 0.000000 3192.883057 0.000000 0.548088 0.000000 0.836420 0.268739 0.268739 0.268739
7149.415039 0.000000 3201.905029 0.000000 0.426808 0.000000 0.904342 0.284922 0.284922 0.284922
7142.314453 0.000000 3190.169434 0.000000 0.970290 0.000000 -0.241945 0.556280 0.556280 0.556280
7141.893066 0.000000 3183.022461 0.000000 0.067388 0.000000 0.997727 0.188484 0.188484 0.188484
7141.109375 0.000000 3186.855225 0.000000 0.580687 0.000000 -0.814127 0.702450 0.702450 0.702450
7144.645020 0.000000 3182.909424 0.000000 0.546237 0.000000 0.837631 0.278758 0.278758 0.278758
7142.727539 0.000000 3197.366699 0.000000 0.172752 0.000000 0.984965 0.192174 0.192174 0.192174
7142.999512 0.000000 3182.142822 0.000000 0.622461 0.000000 0.782651 0.306439 0.306439 0.306439
7145.715332 0.000000 3190.625488 0.000000 0.880939 0.000000 -0.473230 0.614761 0.614761 0.614761
7149.037109 0.000000 3184.567383 0.000000 0.924503 0.000000 -0.381174 0.589089 0.589089 0.589089
7138.124512 0.000000 3195.363037 0.000000 0.195426 0.000000 -0.980718 0.819038 0.819038 0.819038
7151.898438 0.000000 3196.493896 0.000000 0.798932 0.000000 0.601421 0.373539 0.373539 0.373539
7140.311035 0.000000 3188.967041 0.000000 0.511674 0.000000 -0.859180 0.726447 0.726447 0.726447
7138.692871 0.000000 3199.818604 0.000000 0.083582 0.000000 -0.996501 0.820217 0.820217 0.820217
7148.192383 0.000000 3190.178467 0.000000 0.133724 0.000000 0.991019 0.184369 0.184369 0.184369
7143.673828 0.000000 3178.675049 0.000000 0.712054 0.000000 0.702125 0.342110 0.342110 0.342110
7144.218750 0.000000 3188.680420 0.000000 0.961927 0.000000 -0.273305 0.564101 0.564101 0.564101
7144.534668 0.000000 3184.148193 0.000000 0.036271 0.000000 0.999342 0.151379 0.151379 0.151379
7143.585938 0.000000 3201.291992 0.000000 0.966033 0.000000 0.258419 0.446653 0.446653 0.446653
7149.970703 0.000000 3188.684570 0.000000 0.972572 0.000000 0.232602 0.447693 0.447693 0.447693
7155.548340 0.000000 3185.966553 0.000000 0.924825 0.000000 -0.380393 0.578424 0.578424 0.578424
7152.492188 0.000000 3183.595459 0.000000 0.494548 0.000000 0.869150 0.281047 0.281047 0.281047
7137.911621 0.000000 3200.999023 0.000000 0.514580 0.000000 -0.857442 0.710272 0.710272 0.710272
7142.903809 0.000000 3185.285889 0.000000 0.018757 0.000000 -0.999824 0.839040 0.839040 0.839040
7138.464844 0.000000 3203.881104 0.000000 0.725827 0.000000 -0.687877 0.649609 0.649609 0.649609
7139.639648 0.000000 3192.564697 0.000000 0.772629 0.000000 0.634858 0.341160 0.341160 0.341160
7154.613770 0.000000 3187.721924 0.000000 0.578016 0.000000 0.816026 0.309363 0.309363 0.309363
7144.712891 0.000000 3186.322510 0.000000 0.073513 0.000000 -0.997294 0.842016 0.842016 0.842016
7142.258301 0.000000 3201.788330 0.000000 0.972707 0.000000 0.232038 0.452207 0.452207 0.452207
7153.762207 0.000000 3180.423584 0.000000 0.079909 0.000000 -0.996802 0.803331 0.803331 0.803331
7133.380859 0.000000 3185.092285 0.000000 0.032239 0.000000 -0.999480 0.822650 0.822650 0.822650
7136.262695 0.000000 3199.291504 0.000000 0.932229 0.000000 -0.361870 0.578805 0.578805 0.578805
7133.649414 0.000000 3187.406494 0.000000 0.205207 0.000000 0.978719 0.202011 0.202011 0.202011
7142.037109 0.000000 3195.800537 0.000000 0.697871 0.000000 -0.716223 0.681380 0.681380 0.681380
7140.711426 0.000000 3181.189209 0.000000 0.746300 0.000000 0.665610 0.352266 0.352266 0.352266
7140.123535 0.000000 3178.946289 0.000000 0.078246 0.000000 -0.996934 0.794356 0.794356 0.794356
7146.173340 0.000000 3189.243896 0.000000 0.648708 0.000000 0.761037 0.300805 0.300805 0.300805
7140.871094 0.000000 3203.677002 0.000000 0.141775 0.000000 0.989899 0.218253 0.218253 0.218253
7147.671875 0.000000 3188.059570 0.000000 0.828256 0.000000 0.560349 0.363012 0.363012 0.363012
7151.980469 0.000000 3179.845215 0.000000 0.935637 0.000000 0.352964 0.426826 0.426826 0.426826
7149.274902 0.000000 3189.662842 0.000000 0.726765 0.000000 0.686886 0.331284 0.331284 0.331284
7143.748047 0.000000 3190.098389 0.000000 0.409000 0.000000 0.912534 0.235277 0.235277 0.235277
7153.312988 0.000000 3186.753662 0.000000 0.045900 0.000000 -0.998946 0.818831 0.818831 0.818831
7146.600586 0.000000 3198.214844 0.000000 0.477395 0.000000 0.878689 0.282326 0.282326 0.282326
7142.707031 0.000000 3180.937500 0.000000 0.279630 0.000000 -0.960108 0.769978 0.769978 0.769978
7148.992188 0.000000 3186.964600 0.000000 0.813838 0.000000 -0.581091 0.640484 0.640484 0.640484
7146.492676 0.000000 3184.591797 0.000000 0.103357 0.000000 0.994644 0.156587 0.156587 0.156587
7150.392090 0.000000 3181.964111 0.000000 0.663341 0.000000 -0.748318 0.677842 0.677842 0.677842
7151.330078 0.000000 3187.587158 0.000000 0.999997 0.000000 -0.002422 0.500528 0.500528 0.500528
7139.334961 0.000000 3196.299805 0.000000 0.947957 0.000000 0.318399 0.427394 0.427394 0.427394
7134.664062 0.000000 3196.379883 0.000000 0.995468 0.000000 -0.095100 0.520806 0.520806 0.520806
7142.462891 0.000000 3188.057617 0.000000 0.473373 0.000000 0.880862 0.257184 0.257184 0.257184
7140.492676 0.000000 3191.438721 0.000000 0.864180 0.000000 0.503183 0.381526 0.381526 0.381526
7133.468262 0.000000 3193.541016 0.000000 0.901462 0.000000 -0.432858 0.603099 0.603099 0.603099
7141.740723 0.000000 3189.175781 0.000000 0.722464 0.000000 -0.691409 0.667248 0.667248 0.667248
7133.590820 0.000000 3194.737549 0.000000 0.877884 0.000000 -0.478873 0.611268 0.611268 0.611268
7140.343750 0.000000 3198.352539 0.000000 0.239457 0.000000 0.970907 0.213003 0.213003 0.213003
7141.500488 0.000000 3200.129883 0.000000 0.917990 0.000000 0.396604 0.415750 0.415750 0.415750
7140.445801 0.000000 3194.920410 0.000000 0.541882 0.000000 0.840455 0.268880 0.268880 0.268880
7144.715820 0.000000 3198.350830 0.000000 0.667779 0.000000 0.744360 0.325505 0.325505 0.325505
7140.881836 0.000000 3182.560547 0.000000 0.282964 0.000000 -0.959131 0.766044 0.766044 0.766044
7135.827148 0.000000 3184.260742 0.000000 0.672925 0.000000 -0.739711 0.671495 0.671495 0.671495
7145.789062 0.000000 3179.339355 0.000000 0.053995 0.000000 -0.998541 0.813350 0.813350 0.813350
7138.172363 0.000000 3194.277588 0.000000 0.994318 0.000000 0.106451 0.475237 0.475237 0.475237
7145.821777 0.000000 3187.241699 0.000000 0.978411 0.000000 -0.206667 0.547552 0.547552 0.547552
7138.113770 0.000000 3188.184570 0.000000 0.877085 0.000000 0.480335 0.392426 0.392426 0.392426
7138.886719 0.000000 3186.069092 0.000000 0.367526 0.000000 0.930013 0.253985 0.253985 0.253985
7135.837891 0.000000 3188.669678 0.000000 0.789760 0.000000 0.613415 0.353681 0.353681 0.353681
7144.851562 0.000000 3180.689453 0.000000 0.979321 0.000000 -0.202315 0.543867 0.543867 0.543867
7145.266113 0.000000 3188.546387 0.000000 0.750481 0.000000 0.660893 0.332816 0.332816 0.332816
7139.817871 0.000000 3200.139404 0.000000 0.644089 0.000000 -0.764950 0.679932 0.679932 0.679932
7144.350098 0.000000 3196.232666 0.000000 0.625424 0.000000 0.780285 0.306697 0.306697 0.306697
7137.213379 0.000000 3187.151123 0.000000 0.683880 0.000000 -0.729594 0.671486 0.671486 0.671486
7133.708496 0.000000 3191.332764 0.000000 0.893605 0.000000 0.448855 0.391634 0.391634 0.391634
7151.791016 0.000000 3181.539551 0.000000 0.198620 0.000000 0.980077 0.211664 0.211664 0.211664
7149.429688 0.000000 3195.360352 0.000000 0.385276 0.000000 -0.922802 0.745737 0.745737 0.745737
7139.874512 0.000000 3190.414062 0.000000 0.981130 0.000000 0.193349 0.456646 0.456646 0.456646
7146.992676 0.000000 3180.869141 0.000000 0.879809 0.000000 -0.475328 0.607896 0.607896 0.607896
7136.883301 0.000000 3191.820068 0.000000 0.577771 0.000000 -0.816199 0.715725 0.715725 0.715725
7145.615723 0.000000 3197.787354 0.000000 0.430266 0.000000 0.902702 0.256837 0.256837 0.256837
7143.085938 0.000000 3199.658447 0.000000 0.511527 0.000000 -0.859267 0.719387 0.719387 0.719387
7142.082031 0.000000 3193.478027 0.000000 0.411164 0.000000 -0.911561 0.768472 0.768472 0.768472
7143.497559 0.000000 3186.140869 0.000000 0.699203 0.000000 0.714924 0.324014 0.324014 0.324014
7135.258789 0.000000 3191.929443 0.000000 0.499529 0.000000 0.866297 0.260006 0.260006 0.260006
7148.424316 0.000000 3185.658936 0.000000 0.347029 0.000000 0.937854 0.222893 0.222893 0.222893
7148.552734 0.000000 3181.871094 0.000000 0.993200 0.000000 0.116422 0.474874 0.474874 0.474874
7141.800781 0.000000 3196.821533 0.000000 0.979384 0.000000 -0.202007 0.545576 0.545576 0.545576
7134.596191 0.000000 3197.730469 0.000000 0.689014 0.000000 0.724748 0.322911 0.322911 0.322911
7138.067383 0.000000 3197.860596 0.000000 0.876751 0.000000 0.480945 0.387579 0.387579 0.387579
7150.048340 0.000000 3184.811523 0.000000 0.755490 0.000000 -0.655160 0.656504 0.656504 0.656504
7147.083008 0.000000 3186.031494 0.000000 0.342824 0.000000 -0.939400 0.785747 0.785747 0.785747
7134.531738 0.000000 3195.208252 0.000000 0.904130 0.000000 0.427257 0.400258 0.400258 0.400258
7143.429199 0.000000 3184.418945 0.000000 0.926223 0.000000 0.376977 0.415563 0.415563 0.415563
7151.280273 0.000000 3183.559570 0.000000 0.940925 0.000000 -0.338614 0.574599 0.574599 0.574599
7134.595703 0.000000 3199.779053 0.000000 0.901740 0.000000 -0.432279 0.593744 0.593744 0.593744
7146.858887 0.000000 3187.041748 0.000000 0.862089 0.000000 0.506758 0.375621 0.375621 0.375621
7150.832031 0.000000 3186.628418 0.000000 0.014519 0.000000 -0.999895 0.838994 0.838994 0.838994
7136.000977 0.000000 3198.071777 0.000000 0.822690 0.000000 -0.568490 0.628692 0.628692 0.628692
7143.779785 0.000000 3187.749512 0.000000 0.666934 0.000000 -0.745117 0.685750 0.685750 0.685750
7137.857422 0.000000 3198.843262 0.000000 0.303112 0.000000 0.952955 0.231229 0.231229 0.231229
7151.500977 0.000000 3190.121582 0.000000 0.365650 0.000000 0.930752 0.246849 0.246849 0.246849
7142.251465 0.000000 3186.476074 0.000000 0.973119 0.000000 -0.230301 0.551345 0.551345 0.551345
7137.008301 0.000000 3189.981934 0.000000 0.209587 0.000000 -0.977790 0.796163 0.796163 0.796163
7143.757812 0.000000 3197.564697 0.000000 0.757450 0.000000 0.652893 0.343265 0.343265 0.343265
7138.346191 0.000000 3191.345459 0.000000 0.612301 0.000000 -0.790625 0.703171 0.703171 0.703171
7139.709473 0.000000 3199.075928 0.000000 0.999885 0.000000 -0.015179 0.503268 0.503268 0.503268
7147.530762 0.000000 3184.049561 0.000000 0.444690 0.000000 0.895685 0.240210 0.240210 0.240210
7151.942383 0.000000 3185.464355 0.000000 0.112740 0.000000 0.993625 0.180633 0.180633 0.180633
7137.381836 0.000000 3197.178223 0.000000 0.997115 0.000000 0.075908 0.483165 0.483165 0.483165
7134.291992 0.000000 3189.923828 0.000000 0.814243 0.000000 0.580524 0.362767 0.362767 0.362767
7146.644043 0.000000 3182.281738 0.000000 0.594189 0.000000 0.804326 0.288269 0.288269 0.288269
7140.869629 0.000000 3197.113281 0.000000 0.585509 0.000000 -0.810666 0.711806 0.711806 0.711806
7147.933594 0.000000 3182.654053 0.000000 0.870780 0.000000 -0.491672 0.616455 0.616455 0.616455
7141.056152 0.000000 3193.500732 0.000000 0.830407 0.000000 -0.557157 0.636839 0.636839 0.636839
7136.686523 0.000000 3189.084229 0.000000 0.611298 0.000000 0.791401 0.301106 0.301106 0.301106
7138.870605 0.000000 3197.382812 0.000000 0.903944 0.000000 0.427651 0.400987 0.400987 0.400987
7134.257812 0.000000 3188.208008 0.000000 0.209696 0.000000 -0.977767 0.801230 0.801230 0.801230
7139.185547 0.000000 3194.225098 0.000000 0.714654 0.000000 -0.699478 0.679861 0.679861 0.679861
7136.424805 0.000000 3197.187500 0.000000 0.501274 0.000000 -0.865288 0.731700 0.731700 0.731700
7149.409180 0.000000 3187.962402 0.000000 0.546593 0.000000 0.837398 0.275136 0.275136 0.275136
7138.769531 0.000000 3192.227783 0.000000 0.137248 0.000000 -0.990537 0.830950 0.830950 0.830950
7141.307129 0.000000 3195.267822 0.000000 0.617917 0.000000 0.786243 0.290511 0.290511 0.290511
7144.901855 0.000000 3194.357910 0.000000 0.998544 0.000000 0.053952 0.487973 0.487973 0.487973
7135.194824 0.000000 3190.103027 0.000000 0.554538 0.000000 0.832158 0.274838 0.274838 0.274838
7148.514160 0.000000 3187.726562 0.000000 0.815806 0.000000 -0.578325 0.639715 0.639715 0.639715
7135.294922 0.000000 3194.663330 0.000000 0.579636 0.000000 -0.814876 0.715209 0.715209 0.715209
7136.421875 0.000000 3195.486084 0.000000 0.529133 0.000000 0.848539 0.267914 0.267914 0.267914
7144.014160 0.000000 3186.859863 0.000000 0.993280 0.000000 -0.115733 0.526497 0.526497 0.526497
7145.625977 0.000000 3193.710938 0.000000 0.755374 0.000000 -0.655294 0.662787 0.662787 0.662787
7140.039062 0.000000 3195.749268 0.000000 0.253388 0.000000 -0.967365 0.804406 0.804406 0.804406
7134.243164 0.000000 3192.042480 0.000000 0.790416 0.000000 0.612571 0.346099 0.346099 0.346099
7137.283203 0.000000 3195.545166 0.000000 0.542519 0.000000 0.840043 0.271546 0.271546 0.271546
7136.769531 0.000000 3211.871094 0.000000 0.913965 0.000000 -0.405793 0.567545 0.567545 0.567545
7138.173828 0.000000 3209.587891 0.000000 0.964056 0.000000 -0.265698 0.545823 0.545823 0.545823
"}
