object={
	name="tree_cypress_01_generator_1_0"
	render_pass=Map
	clamp_to_water_level=no
	generated_content=yes
	layer="tree_high_layer"
	pdxmesh="tree_cypress_01_a_mesh"
	count=3
	transform="7255.628418 0.000000 3731.384033 0.000000 0.817779 0.000000 0.575532 1.000000 1.000000 1.000000
7249.201660 0.000000 3731.032471 0.000000 0.057806 0.000000 0.998328 1.000000 1.000000 1.000000
7245.340820 0.000000 3733.551758 0.000000 0.852497 0.000000 0.522731 1.000000 1.000000 1.000000
"}
object={
	name="tree_cypress_01_generator_1_1"
	render_pass=Map
	clamp_to_water_level=no
	generated_content=yes
	layer="tree_high_layer"
	pdxmesh="tree_cypress_01_b_mesh"
	count=6
	transform="7248.853027 0.000000 3736.196777 0.000000 0.979913 0.000000 -0.199423 1.000000 1.000000 1.000000
7238.786621 0.000000 3726.010498 0.000000 0.960295 0.000000 -0.278985 1.000000 1.000000 1.000000
7240.872559 0.000000 3734.266846 0.000000 0.688907 0.000000 -0.724849 1.000000 1.000000 1.000000
7243.314941 0.000000 3719.870605 0.000000 0.941272 0.000000 -0.337649 1.000000 1.000000 1.000000
7247.722656 0.000000 3721.083496 0.000000 0.913398 0.000000 -0.407069 1.000000 1.000000 1.000000
7247.397949 0.000000 3728.269287 0.000000 0.975920 0.000000 -0.218129 1.000000 1.000000 1.000000
"}
object={
	name="tree_cypress_01_generator_1_2"
	render_pass=Map
	clamp_to_water_level=no
	generated_content=yes
	layer="tree_high_layer"
	pdxmesh="tree_cypress_01_c_mesh"
	count=0
}
