object={
	name="tree_pine_01_a_generator_1_0"
	render_pass=Map
	clamp_to_water_level=no
	generated_content=yes
	layer="tree_high_layer"
	pdxmesh="tree_pine_single_01_a_mesh"
	count=3
	transform="7369.667480 0.000000 3436.132080 0.000000 0.329126 0.000000 0.944286 1.000000 1.000000 1.000000
7363.032227 0.000000 3439.781494 0.000000 0.182232 0.000000 0.983256 1.000000 1.000000 1.000000
7364.039551 0.000000 3436.737549 0.000000 0.802215 0.000000 0.597036 1.000000 1.000000 1.000000
"}
object={
	name="tree_pine_01_a_generator_1_1"
	render_pass=Map
	clamp_to_water_level=no
	generated_content=yes
	layer="tree_high_layer"
	pdxmesh="tree_pine_single_01_b_mesh"
	count=3
	transform="7366.129883 0.000000 3436.929688 0.000000 0.866147 0.000000 0.499789 1.000000 1.000000 1.000000
7373.259277 0.000000 3435.450195 0.000000 0.997824 0.000000 0.065932 1.000000 1.000000 1.000000
7362.328125 0.000000 3437.523926 0.000000 0.926799 0.000000 0.375557 1.000000 1.000000 1.000000
"}
object={
	name="tree_pine_01_a_generator_1_2"
	render_pass=Map
	clamp_to_water_level=no
	generated_content=yes
	layer="tree_high_layer"
	pdxmesh="tree_pine_single_01_c_mesh"
	count=2
	transform="7371.001953 0.000000 3434.337158 0.000000 0.681317 0.000000 -0.731989 1.000000 1.000000 1.000000
7368.177734 0.000000 3437.628662 0.000000 0.344706 0.000000 -0.938711 1.000000 1.000000 1.000000
"}
