object={
	name="great_wall_china_gate"
	render_pass=Map
	clamp_to_water_level=no
	generated_content=no
	layer="hd_great_wall_layer"
	pdxmesh="tgp_great_wall_gate_01_mesh"
	count=5
	transform="3964.829102 0.000000 4793.255859 0.000000 -0.939954 0.000000 -0.341301 2.900488 2.900488 2.900488
4386.085449 0.000000 4846.213379 0.000000 0.970000 0.000000 -0.243103 2.000000 2.000000 2.000000
6715.998047 0.000000 4478.585449 0.000000 0.141649 0.000000 0.989917 2.796835 2.796835 2.796835
7150.020996 0.000000 4514.134277 0.000000 0.004902 0.000000 0.999988 2.000000 2.000000 2.000000
7684.431641 0.000000 4477.400391 0.000000 0.366705 0.000000 0.930337 2.000000 2.000000 2.000000
"}
