object={
	name="great_wall_china_01"
	render_pass=Map
	clamp_to_water_level=no
	generated_content=no
	layer="hd_great_wall_layer"
	pdxmesh="tgp_great_wall_01_mesh"
	count=4
	transform="4076.950684 0.000000 4816.864258 0.000000 0.444833 0.000000 0.895613 2.000000 2.000000 2.000000
4999.416016 0.000000 4292.955566 0.000000 0.814713 0.000000 0.579865 2.000000 2.000000 2.000000
6338.874512 0.000000 4573.745605 0.000000 0.561807 0.000000 0.827268 2.000000 2.000000 2.000000
6992.331543 0.000000 4486.164062 0.000000 0.480117 0.000000 0.877205 2.000000 2.000000 2.000000
"}
object={
	name="great_wall_china_02"
	render_pass=Map
	clamp_to_water_level=no
	generated_content=no
	layer="hd_great_wall_layer"
	pdxmesh="tgp_great_wall_02_mesh"
	count=1
	transform="5219.027832 0.000000 4537.868164 0.000000 -0.348352 0.000000 0.937364 2.000000 2.000000 2.000000
"}
object={
	name="great_wall_china_03"
	render_pass=Map
	clamp_to_water_level=no
	generated_content=no
	layer="hd_great_wall_layer"
	pdxmesh="tgp_great_wall_03_mesh"
	count=3
	transform="4692.842285 0.000000 4658.334961 0.000000 0.542614 0.000000 0.839982 2.000000 2.000000 2.000000
7512.962402 0.000000 4486.483887 0.000000 0.200532 0.000000 0.979687 2.000000 2.000000 2.000000
7799.554199 0.000000 4653.238770 0.000000 -0.312494 0.000000 0.949920 2.000000 2.000000 2.000000
"}
